Project Satisfaction:

Despite our efforts to refine and optimize our code, the improvements observed were not substantial. This project has illuminated several areas where further optimization is possible. As we continue with the class, we anticipate enhancing our machine learning skills and exploring advanced optimization techniques to achieve better results.


Log of Trials:

Learning_Rate, Max_Iterations, Tolerance, Alpha, MSE, R2
constant, 100, 1e-05, 0.0001, 2.8020050505964, 0.26136277632849236
constant, 100, 0.0001, 0.0001, 2.801765417994769, 0.2614037308212157
constant, 100, 0.001, 0.0001, 2.803710708276893, 0.26088508543239286
constant, 500, 1e-05, 0.0001, 2.8020050505964, 0.26136277632849236
constant, 500, 0.0001, 0.0001, 2.801765417994769, 0.2614037308212157
constant, 500, 0.001, 0.0001, 2.803710708276893, 0.26088508543239286
constant, 1000, 1e-05, 0.0001, 2.8020050505964, 0.26136277632849236
constant, 1000, 0.0001, 0.0001, 2.801765417994769, 0.2614037308212157
constant, 1000, 0.001, 0.0001, 2.803710708276893, 0.26088508543239286
optimal, 100, 1e-05, 0.0001, 6.906899912010204e+22, -1.84421406430462e+22
optimal, 100, 0.0001, 0.0001, 6.906899912010204e+22, -1.84421406430462e+22
optimal, 100, 0.001, 0.0001, 6.906899912010204e+22, -1.84421406430462e+22
optimal, 500, 1e-05, 0.0001, 1.548760884391932e+23, -4.070932381487488e+22
optimal, 500, 0.0001, 0.0001, 1.548760884391932e+23, -4.070932381487488e+22
optimal, 500, 0.001, 0.0001, 1.548760884391932e+23, -4.070932381487488e+22
optimal, 1000, 1e-05, 0.0001, 1.548760884391932e+23, -4.070932381487488e+22
optimal, 1000, 0.0001, 0.0001, 1.548760884391932e+23, -4.070932381487488e+22
optimal, 1000, 0.001, 0.0001, 1.548760884391932e+23, -4.070932381487488e+22
invscaling, 100, 1e-05, 0.0001, 4.353343730668959, -0.14792368373680684
invscaling, 100, 0.0001, 0.0001, 4.353343730668959, -0.14792368373680684
invscaling, 100, 0.001, 0.0001, 4.353343730668959, -0.14792368373680684
invscaling, 500, 1e-05, 0.0001, 2.824597312624299, 0.2554047755087194
invscaling, 500, 0.0001, 0.0001, 2.824597312624299, 0.2554047755087194
invscaling, 500, 0.001, 0.0001, 2.985711765575609, 0.21301464367404196
invscaling, 1000, 1e-05, 0.0001, 2.803238320178195, 0.26100666862046146
invscaling, 1000, 0.0001, 0.0001, 2.8231720253649164, 0.2557824020819474
invscaling, 1000, 0.001, 0.0001, 2.985711765575609, 0.21301464367404196
adaptive, 100, 1e-05, 0.0001, 2.8017970728954538, 0.2614186153690616
adaptive, 100, 0.0001, 0.0001, 2.801625350365626, 0.261443313749703
adaptive, 100, 0.001, 0.0001, 2.802996450970577, 0.26107246948518437
adaptive, 500, 1e-05, 0.0001, 2.8017970728954538, 0.2614186153690616
adaptive, 500, 0.0001, 0.0001, 2.801625350365626, 0.261443313749703
adaptive, 500, 0.001, 0.0001, 2.802996450970577, 0.26107246948518437
adaptive, 1000, 1e-05, 0.0001, 2.8017970728954538, 0.2614186153690616
adaptive, 1000, 0.0001, 0.0001, 2.801625350365626, 0.261443313749703
adaptive, 1000, 0.001, 0.0001, 2.802996450970577, 0.26107246948518437
constant, 100, 1e-05, 0.0001, 2.7934217852488503, 0.26357051517992847
constant, 100, 0.0001, 0.0001, 2.80123537559063, 0.2616272384644654
constant, 100, 0.001, 0.0001, 2.802707850376919, 0.2612560226231578
constant, 500, 1e-05, 0.0001, 2.7934217852488503, 0.26357051517992847
constant, 500, 0.0001, 0.0001, 2.80123537559063, 0.2616272384644654
constant, 500, 0.001, 0.0001, 2.802707850376919, 0.2612560226231578
constant, 1000, 1e-05, 0.0001, 2.7934217852488503, 0.26357051517992847
constant, 1000, 0.0001, 0.0001, 2.80123537559063, 0.2616272384644654
constant, 1000, 0.001, 0.0001, 2.802707850376919, 0.2612560226231578
optimal, 100, 1e-05, 0.0001, 6.906899912010204e+22, -1.84421406430462e+22
optimal, 100, 0.0001, 0.0001, 6.906899912010204e+22, -1.84421406430462e+22
optimal, 100, 0.001, 0.0001, 6.906899912010204e+22, -1.84421406430462e+22
optimal, 500, 1e-05, 0.0001, 1.548760884391932e+23, -4.070932381487488e+22
optimal, 500, 0.0001, 0.0001, 1.548760884391932e+23, -4.070932381487488e+22
optimal, 500, 0.001, 0.0001, 1.548760884391932e+23, -4.070932381487488e+22
optimal, 1000, 1e-05, 0.0001, 1.548760884391932e+23, -4.070932381487488e+22
optimal, 1000, 0.0001, 0.0001, 1.548760884391932e+23, -4.070932381487488e+22
optimal, 1000, 0.001, 0.0001, 1.548760884391932e+23, -4.070932381487488e+22
invscaling, 100, 1e-05, 0.0001, 2.8011911362748014, 0.2615778711335822
invscaling, 100, 0.0001, 0.0001, 2.8014016772576387, 0.2614984235558223
invscaling, 100, 0.001, 0.0001, 2.80556609859572, 0.26039626433421137
invscaling, 500, 1e-05, 0.0001, 2.8012470822226327, 0.26156379394714147
invscaling, 500, 0.0001, 0.0001, 2.8014016772576387, 0.2614984235558223
invscaling, 500, 0.001, 0.0001, 2.80556609859572, 0.26039626433421137
invscaling, 1000, 1e-05, 0.0001, 2.8012470822226327, 0.26156379394714147
invscaling, 1000, 0.0001, 0.0001, 2.8014016772576387, 0.2614984235558223
invscaling, 1000, 0.001, 0.0001, 2.80556609859572, 0.26039626433421137
adaptive, 100, 1e-05, 0.0001, 2.8013708508708346, 0.26154128027463264
adaptive, 100, 0.0001, 0.0001, 2.8015304217744204, 0.26149779554892794
adaptive, 100, 0.001, 0.0001, 2.8015914489696407, 0.26149716953951174
adaptive, 500, 1e-05, 0.0001, 2.8013708508708346, 0.26154128027463264
adaptive, 500, 0.0001, 0.0001, 2.8015304217744204, 0.26149779554892794
adaptive, 500, 0.001, 0.0001, 2.8015914489696407, 0.26149716953951174
adaptive, 1000, 1e-05, 0.0001, 2.8013708508708346, 0.26154128027463264
adaptive, 1000, 0.0001, 0.0001, 2.8015304217744204, 0.26149779554892794
adaptive, 1000, 0.001, 0.0001, 2.8015914489696407, 0.26149716953951174
constant, 100, 1e-05, 0.0001, 3.093161514758907, 0.18506825844455474
constant, 100, 0.0001, 0.0001, 3.093161514758907, 0.18506825844455474
constant, 100, 0.001, 0.0001, 3.1525015491186914, 0.16972675298665502
constant, 500, 1e-05, 0.0001, 3.093161514758907, 0.18506825844455474
constant, 500, 0.0001, 0.0001, 3.093161514758907, 0.18506825844455474
constant, 500, 0.001, 0.0001, 3.1525015491186914, 0.16972675298665502
constant, 1000, 1e-05, 0.0001, 3.093161514758907, 0.18506825844455474
constant, 1000, 0.0001, 0.0001, 3.093161514758907, 0.18506825844455474
constant, 1000, 0.001, 0.0001, 3.1525015491186914, 0.16972675298665502
optimal, 100, 1e-05, 0.0001, 6.906899912010204e+22, -1.84421406430462e+22
optimal, 100, 0.0001, 0.0001, 6.906899912010204e+22, -1.84421406430462e+22
optimal, 100, 0.001, 0.0001, 6.906899912010204e+22, -1.84421406430462e+22
optimal, 500, 1e-05, 0.0001, 1.548760884391932e+23, -4.070932381487488e+22
optimal, 500, 0.0001, 0.0001, 1.548760884391932e+23, -4.070932381487488e+22
optimal, 500, 0.001, 0.0001, 1.548760884391932e+23, -4.070932381487488e+22
optimal, 1000, 1e-05, 0.0001, 1.548760884391932e+23, -4.070932381487488e+22
optimal, 1000, 0.0001, 0.0001, 1.548760884391932e+23, -4.070932381487488e+22
optimal, 1000, 0.001, 0.0001, 1.548760884391932e+23, -4.070932381487488e+22
invscaling, 100, 1e-05, 0.0001, 2.7973756026779037, 0.26259959991875814
invscaling, 100, 0.0001, 0.0001, 2.793230733174978, 0.26363044848405864
invscaling, 100, 0.001, 0.0001, 2.8006145512121763, 0.2617894272976268
invscaling, 500, 1e-05, 0.0001, 2.7973756026779037, 0.26259959991875814
invscaling, 500, 0.0001, 0.0001, 2.793230733174978, 0.26363044848405864
invscaling, 500, 0.001, 0.0001, 2.8006145512121763, 0.2617894272976268
invscaling, 1000, 1e-05, 0.0001, 2.7973756026779037, 0.26259959991875814
invscaling, 1000, 0.0001, 0.0001, 2.793230733174978, 0.26363044848405864
invscaling, 1000, 0.001, 0.0001, 2.8006145512121763, 0.2617894272976268
adaptive, 100, 1e-05, 0.0001, 2.801751012993556, 0.26144653858046907
adaptive, 100, 0.0001, 0.0001, 2.8015405145098624, 0.2615000313382224
adaptive, 100, 0.001, 0.0001, 2.8014182058310575, 0.26153609179307036
adaptive, 500, 1e-05, 0.0001, 2.801751012993556, 0.26144653858046907
adaptive, 500, 0.0001, 0.0001, 2.8015405145098624, 0.2615000313382224
adaptive, 500, 0.001, 0.0001, 2.8014182058310575, 0.26153609179307036
adaptive, 1000, 1e-05, 0.0001, 2.801751012993556, 0.26144653858046907
adaptive, 1000, 0.0001, 0.0001, 2.8015405145098624, 0.2615000313382224
adaptive, 1000, 0.001, 0.0001, 2.8014182058310575, 0.26153609179307036
constant, 100, 1e-05, 0.001, 2.8019595700785223, 0.2613750941830889
constant, 100, 0.0001, 0.001, 2.8017404996488167, 0.2614107847544148
constant, 100, 0.001, 0.001, 2.8037080322262398, 0.2608863639048475
constant, 500, 1e-05, 0.001, 2.8019595700785223, 0.2613750941830889
constant, 500, 0.0001, 0.001, 2.8017404996488167, 0.2614107847544148
constant, 500, 0.001, 0.001, 2.8037080322262398, 0.2608863639048475
constant, 1000, 1e-05, 0.001, 2.8019595700785223, 0.2613750941830889
constant, 1000, 0.0001, 0.001, 2.8017404996488167, 0.2614107847544148
constant, 1000, 0.001, 0.001, 2.8037080322262398, 0.2608863639048475
optimal, 100, 1e-05, 0.001, 3.1647626817950325, 0.16669782220938623
optimal, 100, 0.0001, 0.001, 3.1647626817950325, 0.16669782220938623
optimal, 100, 0.001, 0.001, 3.1647626817950325, 0.16669782220938623
optimal, 500, 1e-05, 0.001, 3.1647626817950325, 0.16669782220938623
optimal, 500, 0.0001, 0.001, 3.1647626817950325, 0.16669782220938623
optimal, 500, 0.001, 0.001, 3.1647626817950325, 0.16669782220938623
optimal, 1000, 1e-05, 0.001, 3.1647626817950325, 0.16669782220938623
optimal, 1000, 0.0001, 0.001, 3.1647626817950325, 0.16669782220938623
optimal, 1000, 0.001, 0.001, 3.1647626817950325, 0.16669782220938623
invscaling, 100, 1e-05, 0.001, 4.353429336884697, -0.14794620472538106
invscaling, 100, 0.0001, 0.001, 4.353429336884697, -0.14794620472538106
invscaling, 100, 0.001, 0.001, 4.353429336884697, -0.14794620472538106
invscaling, 500, 1e-05, 0.001, 2.824620379472821, 0.2553992002348798
invscaling, 500, 0.0001, 0.001, 2.824620379472821, 0.2553992002348798
invscaling, 500, 0.001, 0.001, 2.9857646414788714, 0.2130010186670479
invscaling, 1000, 1e-05, 0.001, 2.8032166679755237, 0.2610129246071168
invscaling, 1000, 0.0001, 0.001, 2.8231430738600274, 0.25579157808762115
invscaling, 1000, 0.001, 0.001, 2.9857646414788714, 0.2130010186670479
adaptive, 100, 1e-05, 0.001, 2.8017513096913413, 0.26143099749571996
adaptive, 100, 0.0001, 0.001, 2.801598631910971, 0.2614508331598337
adaptive, 100, 0.001, 0.001, 2.802990486068217, 0.26107461040665697
adaptive, 500, 1e-05, 0.001, 2.8017513096913413, 0.26143099749571996
adaptive, 500, 0.0001, 0.001, 2.801598631910971, 0.2614508331598337
adaptive, 500, 0.001, 0.001, 2.802990486068217, 0.26107461040665697
adaptive, 1000, 1e-05, 0.001, 2.8017513096913413, 0.26143099749571996
adaptive, 1000, 0.0001, 0.001, 2.801598631910971, 0.2614508331598337
adaptive, 1000, 0.001, 0.001, 2.802990486068217, 0.26107461040665697
constant, 100, 1e-05, 0.001, 2.793368619616609, 0.2635845242383105
constant, 100, 0.0001, 0.001, 2.8011866603285234, 0.26164014069483627
constant, 100, 0.001, 0.001, 2.802665840646225, 0.26126717788177495
constant, 500, 1e-05, 0.001, 2.793368619616609, 0.2635845242383105
constant, 500, 0.0001, 0.001, 2.8011866603285234, 0.26164014069483627
constant, 500, 0.001, 0.001, 2.802665840646225, 0.26126717788177495
constant, 1000, 1e-05, 0.001, 2.793368619616609, 0.2635845242383105
constant, 1000, 0.0001, 0.001, 2.8011866603285234, 0.26164014069483627
constant, 1000, 0.001, 0.001, 2.802665840646225, 0.26126717788177495
optimal, 100, 1e-05, 0.001, 3.1647626817950325, 0.16669782220938623
optimal, 100, 0.0001, 0.001, 3.1647626817950325, 0.16669782220938623
optimal, 100, 0.001, 0.001, 3.1647626817950325, 0.16669782220938623
optimal, 500, 1e-05, 0.001, 3.1647626817950325, 0.16669782220938623
optimal, 500, 0.0001, 0.001, 3.1647626817950325, 0.16669782220938623
optimal, 500, 0.001, 0.001, 3.1647626817950325, 0.16669782220938623
optimal, 1000, 1e-05, 0.001, 3.1647626817950325, 0.16669782220938623
optimal, 1000, 0.0001, 0.001, 3.1647626817950325, 0.16669782220938623
optimal, 1000, 0.001, 0.001, 3.1647626817950325, 0.16669782220938623
invscaling, 100, 1e-05, 0.001, 2.8011001819518464, 0.26160245507542285
invscaling, 100, 0.0001, 0.001, 2.801384349368679, 0.26150353464271403
invscaling, 100, 0.001, 0.001, 2.805569037716809, 0.26039605620143413
invscaling, 500, 1e-05, 0.001, 2.801154711406406, 0.2615887402310016
invscaling, 500, 0.0001, 0.001, 2.801384349368679, 0.26150353464271403
invscaling, 500, 0.001, 0.001, 2.805569037716809, 0.26039605620143413
invscaling, 1000, 1e-05, 0.001, 2.801154711406406, 0.2615887402310016
invscaling, 1000, 0.0001, 0.001, 2.801384349368679, 0.26150353464271403
invscaling, 1000, 0.001, 0.001, 2.805569037716809, 0.26039605620143413
adaptive, 100, 1e-05, 0.001, 2.8013183275783304, 0.261555255901763
adaptive, 100, 0.0001, 0.001, 2.8014778029462444, 0.26151180598869483
adaptive, 100, 0.001, 0.001, 2.8015421549315334, 0.2615102886823529
adaptive, 500, 1e-05, 0.001, 2.8013183275783304, 0.261555255901763
adaptive, 500, 0.0001, 0.001, 2.8014778029462444, 0.26151180598869483
adaptive, 500, 0.001, 0.001, 2.8015421549315334, 0.2615102886823529
adaptive, 1000, 1e-05, 0.001, 2.8013183275783304, 0.261555255901763
adaptive, 1000, 0.0001, 0.001, 2.8014778029462444, 0.26151180598869483
adaptive, 1000, 0.001, 0.001, 2.8015421549315334, 0.2615102886823529
constant, 100, 1e-05, 0.001, 3.092917480315686, 0.1851316873749758
constant, 100, 0.0001, 0.001, 3.092917480315686, 0.1851316873749758
constant, 100, 0.001, 0.001, 3.152392424044485, 0.1697553030558924
constant, 500, 1e-05, 0.001, 3.092917480315686, 0.1851316873749758
constant, 500, 0.0001, 0.001, 3.092917480315686, 0.1851316873749758
constant, 500, 0.001, 0.001, 3.152392424044485, 0.1697553030558924
constant, 1000, 1e-05, 0.001, 3.092917480315686, 0.1851316873749758
constant, 1000, 0.0001, 0.001, 3.092917480315686, 0.1851316873749758
constant, 1000, 0.001, 0.001, 3.152392424044485, 0.1697553030558924
optimal, 100, 1e-05, 0.001, 3.1647626817950325, 0.16669782220938623
optimal, 100, 0.0001, 0.001, 3.1647626817950325, 0.16669782220938623
optimal, 100, 0.001, 0.001, 3.1647626817950325, 0.16669782220938623
optimal, 500, 1e-05, 0.001, 3.1647626817950325, 0.16669782220938623
optimal, 500, 0.0001, 0.001, 3.1647626817950325, 0.16669782220938623
optimal, 500, 0.001, 0.001, 3.1647626817950325, 0.16669782220938623
optimal, 1000, 1e-05, 0.001, 3.1647626817950325, 0.16669782220938623
optimal, 1000, 0.0001, 0.001, 3.1647626817950325, 0.16669782220938623
optimal, 1000, 0.001, 0.001, 3.1647626817950325, 0.16669782220938623
invscaling, 100, 1e-05, 0.001, 2.7973209300494113, 0.26261400626730413
invscaling, 100, 0.0001, 0.001, 2.7931739255708536, 0.2636453858110987
invscaling, 100, 0.001, 0.001, 2.800564057111616, 0.26180276137448705
invscaling, 500, 1e-05, 0.001, 2.7973209300494113, 0.26261400626730413
invscaling, 500, 0.0001, 0.001, 2.7931739255708536, 0.2636453858110987
invscaling, 500, 0.001, 0.001, 2.800564057111616, 0.26180276137448705
invscaling, 1000, 1e-05, 0.001, 2.7973209300494113, 0.26261400626730413
invscaling, 1000, 0.0001, 0.001, 2.7931739255708536, 0.2636453858110987
invscaling, 1000, 0.001, 0.001, 2.800564057111616, 0.26180276137448705
adaptive, 100, 1e-05, 0.001, 2.801697119965824, 0.26146085824472926
adaptive, 100, 0.0001, 0.001, 2.801487798728708, 0.26151401406731456
adaptive, 100, 0.001, 0.001, 2.801364539186374, 0.2615503185736586
adaptive, 500, 1e-05, 0.001, 2.801697119965824, 0.26146085824472926
adaptive, 500, 0.0001, 0.001, 2.801487798728708, 0.26151401406731456
adaptive, 500, 0.001, 0.001, 2.801364539186374, 0.2615503185736586
adaptive, 1000, 1e-05, 0.001, 2.801697119965824, 0.26146085824472926
adaptive, 1000, 0.0001, 0.001, 2.801487798728708, 0.26151401406731456
adaptive, 1000, 0.001, 0.001, 2.801364539186374, 0.2615503185736586
constant, 100, 1e-05, 0.01, 2.801387033740526, 0.261528653384284
constant, 100, 0.0001, 0.01, 2.8014536931036846, 0.2614916729033253
constant, 100, 0.001, 0.01, 2.8037339355537947, 0.2608851823316174
constant, 500, 1e-05, 0.01, 2.801387033740526, 0.261528653384284
constant, 500, 0.0001, 0.01, 2.8014536931036846, 0.2614916729033253
constant, 500, 0.001, 0.01, 2.8037339355537947, 0.2608851823316174
constant, 1000, 1e-05, 0.01, 2.801387033740526, 0.261528653384284
constant, 1000, 0.0001, 0.01, 2.8014536931036846, 0.2614916729033253
constant, 1000, 0.001, 0.01, 2.8037339355537947, 0.2608851823316174
optimal, 100, 1e-05, 0.01, 2.85092392486728, 0.2482804543892784
optimal, 100, 0.0001, 0.01, 2.85092392486728, 0.2482804543892784
optimal, 100, 0.001, 0.01, 2.85092392486728, 0.2482804543892784
optimal, 500, 1e-05, 0.01, 2.85092392486728, 0.2482804543892784
optimal, 500, 0.0001, 0.01, 2.85092392486728, 0.2482804543892784
optimal, 500, 0.001, 0.01, 2.85092392486728, 0.2482804543892784
optimal, 1000, 1e-05, 0.01, 2.85092392486728, 0.2482804543892784
optimal, 1000, 0.0001, 0.01, 2.85092392486728, 0.2482804543892784
optimal, 1000, 0.001, 0.01, 2.85092392486728, 0.2482804543892784
invscaling, 100, 1e-05, 0.01, 4.354289373678641, -0.14817246907967124
invscaling, 100, 0.0001, 0.01, 4.354289373678641, -0.14817246907967124
invscaling, 100, 0.001, 0.01, 4.354289373678641, -0.14817246907967124
invscaling, 500, 1e-05, 0.01, 2.8248875526270414, 0.2553337566302286
invscaling, 500, 0.0001, 0.01, 2.8248875526270414, 0.2553337566302286
invscaling, 500, 0.001, 0.01, 2.9863136375606194, 0.21285939744692106
invscaling, 1000, 1e-05, 0.01, 2.8030844737550966, 0.2610529531128854
invscaling, 1000, 0.0001, 0.01, 2.8232566441814226, 0.25576659541864005
invscaling, 1000, 0.001, 0.01, 2.9863136375606194, 0.21285939744692106
adaptive, 100, 1e-05, 0.01, 2.8012233969969365, 0.26157325985142277
adaptive, 100, 0.0001, 0.01, 2.8013327361911564, 0.2615261055624588
adaptive, 100, 0.001, 0.01, 2.802985489615599, 0.2610815290586298
adaptive, 500, 1e-05, 0.01, 2.8012233969969365, 0.26157325985142277
adaptive, 500, 0.0001, 0.01, 2.8013327361911564, 0.2615261055624588
adaptive, 500, 0.001, 0.01, 2.802985489615599, 0.2610815290586298
adaptive, 1000, 1e-05, 0.01, 2.8012233969969365, 0.26157325985142277
adaptive, 1000, 0.0001, 0.01, 2.8013327361911564, 0.2615261055624588
adaptive, 1000, 0.001, 0.01, 2.802985489615599, 0.2610815290586298
constant, 100, 1e-05, 0.01, 2.7929321190010086, 0.26369966907793996
constant, 100, 0.0001, 0.01, 2.800795378964371, 0.26174403929367424
constant, 100, 0.001, 0.01, 2.802341229816681, 0.2613537050921539
constant, 500, 1e-05, 0.01, 2.7929321190010086, 0.26369966907793996
constant, 500, 0.0001, 0.01, 2.800795378964371, 0.26174403929367424
constant, 500, 0.001, 0.01, 2.802341229816681, 0.2613537050921539
constant, 1000, 1e-05, 0.01, 2.7929321190010086, 0.26369966907793996
constant, 1000, 0.0001, 0.01, 2.800795378964371, 0.26174403929367424
constant, 1000, 0.001, 0.01, 2.802341229816681, 0.2613537050921539
optimal, 100, 1e-05, 0.01, 2.85092392486728, 0.2482804543892784
optimal, 100, 0.0001, 0.01, 2.85092392486728, 0.2482804543892784
optimal, 100, 0.001, 0.01, 2.85092392486728, 0.2482804543892784
optimal, 500, 1e-05, 0.01, 2.85092392486728, 0.2482804543892784
optimal, 500, 0.0001, 0.01, 2.85092392486728, 0.2482804543892784
optimal, 500, 0.001, 0.01, 2.85092392486728, 0.2482804543892784
optimal, 1000, 1e-05, 0.01, 2.85092392486728, 0.2482804543892784
optimal, 1000, 0.0001, 0.01, 2.85092392486728, 0.2482804543892784
optimal, 1000, 0.001, 0.01, 2.85092392486728, 0.2482804543892784
invscaling, 100, 1e-05, 0.01, 2.800760464415055, 0.26169536661383563
invscaling, 100, 0.0001, 0.01, 2.8014794967502565, 0.26148214498558897
invscaling, 100, 0.001, 0.01, 2.8056470043807553, 0.2603810876307322
invscaling, 500, 1e-05, 0.01, 2.800752917940277, 0.26169842342468463
invscaling, 500, 0.0001, 0.01, 2.8014794967502565, 0.26148214498558897
invscaling, 500, 0.001, 0.01, 2.8056470043807553, 0.2603810876307322
invscaling, 1000, 1e-05, 0.01, 2.800752917940277, 0.26169842342468463
invscaling, 1000, 0.0001, 0.01, 2.8014794967502565, 0.26148214498558897
invscaling, 1000, 0.001, 0.01, 2.8056470043807553, 0.2603810876307322
adaptive, 100, 1e-05, 0.01, 2.8011192657512027, 0.26161149003830336
adaptive, 100, 0.0001, 0.01, 2.8011337384286, 0.2616094402865115
adaptive, 100, 0.001, 0.01, 2.801145436534564, 0.2616162448902493
adaptive, 500, 1e-05, 0.01, 2.8011192657512027, 0.26161149003830336
adaptive, 500, 0.0001, 0.01, 2.8011337384286, 0.2616094402865115
adaptive, 500, 0.001, 0.01, 2.801145436534564, 0.2616162448902493
adaptive, 1000, 1e-05, 0.01, 2.8011192657512027, 0.26161149003830336
adaptive, 1000, 0.0001, 0.01, 2.8011337384286, 0.2616094402865115
adaptive, 1000, 0.001, 0.01, 2.801145436534564, 0.2616162448902493
constant, 100, 1e-05, 0.01, 3.0905862424473893, 0.18573768172409807
constant, 100, 0.0001, 0.01, 3.0905862424473893, 0.18573768172409807
constant, 100, 0.001, 0.01, 3.151375833114193, 0.17002141450147074
constant, 500, 1e-05, 0.01, 3.0905862424473893, 0.18573768172409807
constant, 500, 0.0001, 0.01, 3.0905862424473893, 0.18573768172409807
constant, 500, 0.001, 0.01, 3.151375833114193, 0.17002141450147074
constant, 1000, 1e-05, 0.01, 3.0905862424473893, 0.18573768172409807
constant, 1000, 0.0001, 0.01, 3.0905862424473893, 0.18573768172409807
constant, 1000, 0.001, 0.01, 3.151375833114193, 0.17002141450147074
optimal, 100, 1e-05, 0.01, 2.85092392486728, 0.2482804543892784
optimal, 100, 0.0001, 0.01, 2.85092392486728, 0.2482804543892784
optimal, 100, 0.001, 0.01, 2.85092392486728, 0.2482804543892784
optimal, 500, 1e-05, 0.01, 2.85092392486728, 0.2482804543892784
optimal, 500, 0.0001, 0.01, 2.85092392486728, 0.2482804543892784
optimal, 500, 0.001, 0.01, 2.85092392486728, 0.2482804543892784
optimal, 1000, 1e-05, 0.01, 2.85092392486728, 0.2482804543892784
optimal, 1000, 0.0001, 0.01, 2.85092392486728, 0.2482804543892784
optimal, 1000, 0.001, 0.01, 2.85092392486728, 0.2482804543892784
invscaling, 100, 1e-05, 0.01, 2.7968757234817367, 0.2627315131186107
invscaling, 100, 0.0001, 0.01, 2.7927048572981166, 0.26376882718082906
invscaling, 100, 0.001, 0.01, 2.8001584800162727, 0.2619100906618975
invscaling, 500, 1e-05, 0.01, 2.7968757234817367, 0.2627315131186107
invscaling, 500, 0.0001, 0.01, 2.7927048572981166, 0.26376882718082906
invscaling, 500, 0.001, 0.01, 2.8001584800162727, 0.2619100906618975
invscaling, 1000, 1e-05, 0.01, 2.7968757234817367, 0.2627315131186107
invscaling, 1000, 0.0001, 0.01, 2.7927048572981166, 0.26376882718082906
invscaling, 1000, 0.001, 0.01, 2.8001584800162727, 0.2619100906618975
adaptive, 100, 1e-05, 0.01, 2.801208178274402, 0.2615919929869665
adaptive, 100, 0.0001, 0.01, 2.801032502822189, 0.2616357188990254
adaptive, 100, 0.001, 0.01, 2.800930367672414, 0.26166577178428463
adaptive, 500, 1e-05, 0.01, 2.801208178274402, 0.2615919929869665
adaptive, 500, 0.0001, 0.01, 2.801032502822189, 0.2616357188990254
adaptive, 500, 0.001, 0.01, 2.800930367672414, 0.26166577178428463
adaptive, 1000, 1e-05, 0.01, 2.801208178274402, 0.2615919929869665
adaptive, 1000, 0.0001, 0.01, 2.801032502822189, 0.2616357188990254
adaptive, 1000, 0.001, 0.01, 2.800930367672414, 0.26166577178428463
